1778574003253 0.05607755109667778 0
1778574003255 0.04774896427989006 1
1778574003256 0.04572087153792381 2
1778574003258 0.041515856981277466 3
1778574003259 0.04022805392742157 4
1778574003261 0.04649475961923599 5
1778574003262 0.04784175008535385 6
1778574003264 0.04685800150036812 7
1778574003265 0.04437042400240898 8
1778574003267 0.04958344250917435 9
1778574003268 0.04782659932971001 10
1778574003270 0.05223815515637398 11
1778574003271 0.05544548109173775 12
1778574003273 0.05019291117787361 13
1778574003274 0.05113644152879715 14
1778574003275 0.060462936758995056 15
1778574003277 0.05896146222949028 16
1778574003278 0.05238049477338791 17
1778574003280 0.056254997849464417 18
1778574003281 0.0567246675491333 19
1778574003283 0.05525613948702812 20
1778574003284 0.05474286526441574 21
1778574003286 0.054845716804265976 22
1778574003287 0.05375908315181732 23
1778574003289 0.05700886622071266 24
1778574003290 0.05675949901342392 25
1778574003292 0.05398134887218475 26
1778574003293 0.055300407111644745 27
1778574003295 0.055249035358428955 28
1778574003296 0.054917071014642715 29
1778574003297 0.05471615120768547 30
1778574003299 0.0549134835600853 31
1778574003300 0.05648188292980194 32
1778574003302 0.05457088723778725 33
1778574003303 0.05516935512423515 34
1778574003305 0.04997473582625389 35
1778574003306 0.05470134690403938 36
1778574003308 0.05021313577890396 37
1778574003309 0.0552988238632679 38
1778574003311 0.040554314851760864 39
1778574003312 0.0517570823431015 40
1778574003314 0.053418852388858795 41
1778574003315 0.04951661825180054 42
1778574003316 0.05128376558423042 43
1778574003318 0.04871071130037308 44
1778574003319 0.05061529204249382 45
1778574003321 0.04743039980530739 46
1778574003322 0.051622357219457626 47
1778574003324 0.048234667629003525 48
1778574003325 0.04604963958263397 49
1778574003253 0.05607755109667778 0
