1778574080888 0.05033494159579277 0
1778574080889 0.047913432121276855 1
1778574080891 0.06105237454175949 2
1778574080893 0.06169382110238075 3
1778574080894 0.06067710742354393 4
1778574080896 0.06084844842553139 5
1778574080897 0.06039829179644585 6
1778574080899 0.060459934175014496 7
1778574080900 0.060569796711206436 8
1778574080902 0.05884169042110443 9
1778574080903 0.05808612331748009 10
1778574080905 0.05756919085979462 11
1778574080907 0.05735425278544426 12
1778574080908 0.05720387026667595 13
1778574080910 0.05727509409189224 14
1778574080911 0.05705813691020012 15
1778574080913 0.05692800506949425 16
1778574080914 0.05675681307911873 17
1778574080916 0.056552954018116 18
1778574080917 0.05635490640997887 19
1778574080919 0.056091077625751495 20
1778574080920 0.05565096065402031 21
1778574080922 0.055460941046476364 22
1778574080923 0.05517292395234108 23
1778574080925 0.05474959686398506 24
1778574080926 0.05439966917037964 25
1778574080928 0.05386964604258537 26
1778574080930 0.053548913449048996 27
1778574080931 0.05285215377807617 28
1778574080933 0.05208467319607735 29
1778574080934 0.05152413249015808 30
1778574080936 0.05111004784703255 31
1778574080937 0.050532251596450806 32
1778574080939 0.050228554755449295 33
1778574080941 0.04977991059422493 34
1778574080942 0.04975668340921402 35
1778574080944 0.04929826781153679 36
1778574080945 0.04931573197245598 37
1778574080947 0.04894091933965683 38
1778574080948 0.04899115860462189 39
1778574080950 0.04877364635467529 40
1778574080951 0.04863608628511429 41
1778574080953 0.04843583330512047 42
1778574080954 0.04833149164915085 43
1778574080956 0.0482376329600811 44
1778574080957 0.04811335727572441 45
1778574080959 0.04780179262161255 46
1778574080961 0.048103217035532 47
1778574080962 0.04793614149093628 48
1778574080964 0.04779234156012535 49
1778574080888 0.05033494159579277 0
