1778573815924 0.11483468115329742 0
1778573815926 0.10492996126413345 1
1778573815927 0.10244631767272949 2
1778573815929 0.09868475049734116 3
1778573815930 0.09683600068092346 4
1778573815932 0.09519924968481064 5
1778573815933 0.09496234357357025 6
1778573815935 0.09405060857534409 7
1778573815936 0.0931866466999054 8
1778573815938 0.09247668087482452 9
1778573815939 0.09138777107000351 10
1778573815941 0.0897490605711937 11
1778573815942 0.08797305822372437 12
1778573815944 0.08655104041099548 13
1778573815945 0.0860765278339386 14
1778573815947 0.08585606515407562 15
1778573815948 0.08577852696180344 16
1778573815950 0.08568888157606125 17
1778573815951 0.08546328544616699 18
1778573815952 0.0853566899895668 19
1778573815954 0.08482592552900314 20
1778573815955 0.08430805057287216 21
1778573815957 0.08531536161899567 22
1778573815959 0.08711143583059311 23
1778573815960 0.08641546964645386 24
1778573815962 0.08655329048633575 25
1778573815963 0.08734464645385742 26
1778573815965 0.08660658448934555 27
1778573815966 0.08498534560203552 28
1778573815968 0.08503946661949158 29
1778573815969 0.08471966534852982 30
1778573815970 0.08430589735507965 31
1778573815972 0.08438541740179062 32
1778573815973 0.08568622916936874 33
1778573815975 0.08534017205238342 34
1778573815977 0.084779292345047 35
1778573815978 0.08425390720367432 36
1778573815980 0.08406776189804077 37
1778573815981 0.08385805040597916 38
1778573815983 0.08377261459827423 39
1778573815984 0.08397308737039566 40
1778573815986 0.08395252376794815 41
1778573815987 0.08357883989810944 42
1778573815989 0.08322116732597351 43
1778573815990 0.0831538587808609 44
1778573815992 0.08304602652788162 45
1778573815993 0.08330292254686356 46
1778573815995 0.08280103653669357 47
1778573815996 0.0835144892334938 48
1778573815998 0.08237865567207336 49
1778573815924 0.11483468115329742 0
