1778573892282 0.11374085396528244 0
1778573892284 0.10388755798339844 1
1778573892285 0.10104295611381531 2
1778573892287 0.09857212007045746 3
1778573892289 0.0961790457367897 4
1778573892290 0.09380938857793808 5
1778573892292 0.09191447496414185 6
1778573892293 0.09029503911733627 7
1778573892295 0.08908678591251373 8
1778573892296 0.08812994509935379 9
1778573892298 0.08785619586706161 10
1778573892299 0.08613733947277069 11
1778573892302 0.08627899736166 12
1778573892304 0.08404626697301865 13
1778573892305 0.08483582735061646 14
1778573892307 0.08306372165679932 15
1778573892308 0.08328647166490555 16
1778573892309 0.08256043493747711 17
1778573892311 0.08241017162799835 18
1778573892312 0.0818970799446106 19
1778573892314 0.08186616748571396 20
1778573892315 0.08153979480266571 21
1778573892317 0.08086507767438889 22
1778573892318 0.0806230828166008 23
1778573892320 0.08045298606157303 24
1778573892321 0.07998698204755783 25
1778573892323 0.07968057692050934 26
1778573892325 0.07985219359397888 27
1778573892326 0.07939795404672623 28
1778573892328 0.07953796535730362 29
1778573892329 0.07898672670125961 30
1778573892331 0.07856614142656326 31
1778573892332 0.07824479043483734 32
1778573892334 0.0779346451163292 33
1778573892336 0.07786177098751068 34
1778573892337 0.07789435982704163 35
1778573892339 0.07705104351043701 36
1778573892340 0.07666688412427902 37
1778573892342 0.07639581710100174 38
1778573892343 0.07612823694944382 39
1778573892345 0.0756630152463913 40
1778573892346 0.07573521137237549 41
1778573892348 0.07505222409963608 42
1778573892349 0.07519980520009995 43
1778573892351 0.07478227466344833 44
1778573892353 0.07447950541973114 45
1778573892354 0.0742320567369461 46
1778573892356 0.07432276010513306 47
1778573892357 0.07399900257587433 48
1778573892359 0.07373024523258209 49
1778573892282 0.11374085396528244 0
